/*--------------------------------*- C++ -*----------------------------------*\
| =========                 |                                                 |
| \\      /  F ield         | OpenFOAM: The Open Source CFD Toolbox           |
|  \\    /   O peration     | Version:  2.2.2                                 |
|   \\  /    A nd           | Web:      www.OpenFOAM.org                      |
|    \\/     M anipulation  |                                                 |
\*---------------------------------------------------------------------------*/
FoamFile
{
    version     2.0;
    format      ascii;
    class       faceList;
    location    "constant/polyMesh";
    object      faces;
}
// * * * * * * * * * * * * * * * * * * * * * * * * * * * * * * * * * * * * * //


386
(
4(1 5 37 33)
4(4 36 37 5)
4(32 33 37 36)
4(2 6 38 34)
4(5 37 38 6)
4(33 34 38 37)
4(6 38 39 7)
4(34 35 39 38)
4(5 9 41 37)
4(8 40 41 9)
4(36 37 41 40)
4(6 10 42 38)
4(9 41 42 10)
4(37 38 42 41)
4(10 42 43 11)
4(38 39 43 42)
4(9 13 45 41)
4(12 44 45 13)
4(40 41 45 44)
4(10 14 46 42)
4(13 45 46 14)
4(41 42 46 45)
4(14 46 47 15)
4(42 43 47 46)
4(13 17 49 45)
4(16 48 49 17)
4(44 45 49 48)
4(14 18 50 46)
4(17 49 50 18)
4(45 46 50 49)
4(18 50 51 19)
4(46 47 51 50)
4(17 21 53 49)
4(20 52 53 21)
4(48 49 53 52)
4(18 22 54 50)
4(21 53 54 22)
4(49 50 54 53)
4(22 54 55 23)
4(50 51 55 54)
4(21 25 57 53)
4(24 56 57 25)
4(52 53 57 56)
4(22 26 58 54)
4(25 57 58 26)
4(53 54 58 57)
4(26 58 59 27)
4(54 55 59 58)
4(25 29 61 57)
4(56 57 61 60)
4(26 30 62 58)
4(57 58 62 61)
4(58 59 63 62)
4(33 37 69 65)
4(36 68 69 37)
4(64 65 69 68)
4(34 38 70 66)
4(37 69 70 38)
4(65 66 70 69)
4(38 70 71 39)
4(66 67 71 70)
4(37 41 73 69)
4(40 72 73 41)
4(68 69 73 72)
4(38 42 74 70)
4(41 73 74 42)
4(69 70 74 73)
4(42 74 75 43)
4(70 71 75 74)
4(41 45 77 73)
4(44 76 77 45)
4(72 73 77 76)
4(42 46 78 74)
4(45 77 78 46)
4(73 74 78 77)
4(46 78 79 47)
4(74 75 79 78)
4(45 49 81 77)
4(48 80 81 49)
4(76 77 81 80)
4(46 50 82 78)
4(49 81 82 50)
4(77 78 82 81)
4(50 82 83 51)
4(78 79 83 82)
4(49 53 85 81)
4(52 84 85 53)
4(80 81 85 84)
4(50 54 86 82)
4(53 85 86 54)
4(81 82 86 85)
4(54 86 87 55)
4(82 83 87 86)
4(53 57 89 85)
4(56 88 89 57)
4(84 85 89 88)
4(54 58 90 86)
4(57 89 90 58)
4(85 86 90 89)
4(58 90 91 59)
4(86 87 91 90)
4(57 61 93 89)
4(88 89 93 92)
4(58 62 94 90)
4(89 90 94 93)
4(90 91 95 94)
4(65 69 101 97)
4(68 100 101 69)
4(96 97 101 100)
4(66 70 102 98)
4(69 101 102 70)
4(97 98 102 101)
4(70 102 103 71)
4(98 99 103 102)
4(69 73 105 101)
4(72 104 105 73)
4(100 101 105 104)
4(70 74 106 102)
4(73 105 106 74)
4(101 102 106 105)
4(74 106 107 75)
4(102 103 107 106)
4(73 77 109 105)
4(76 108 109 77)
4(104 105 109 108)
4(74 78 110 106)
4(77 109 110 78)
4(105 106 110 109)
4(78 110 111 79)
4(106 107 111 110)
4(77 81 113 109)
4(80 112 113 81)
4(108 109 113 112)
4(78 82 114 110)
4(81 113 114 82)
4(109 110 114 113)
4(82 114 115 83)
4(110 111 115 114)
4(81 85 117 113)
4(84 116 117 85)
4(112 113 117 116)
4(82 86 118 114)
4(85 117 118 86)
4(113 114 118 117)
4(86 118 119 87)
4(114 115 119 118)
4(85 89 121 117)
4(88 120 121 89)
4(116 117 121 120)
4(86 90 122 118)
4(89 121 122 90)
4(117 118 122 121)
4(90 122 123 91)
4(118 119 123 122)
4(89 93 125 121)
4(120 121 125 124)
4(90 94 126 122)
4(121 122 126 125)
4(122 123 127 126)
4(97 101 133 129)
4(100 132 133 101)
4(128 129 133 132)
4(98 102 134 130)
4(101 133 134 102)
4(129 130 134 133)
4(102 134 135 103)
4(130 131 135 134)
4(101 105 137 133)
4(104 136 137 105)
4(132 133 137 136)
4(102 106 138 134)
4(105 137 138 106)
4(133 134 138 137)
4(106 138 139 107)
4(134 135 139 138)
4(105 109 141 137)
4(108 140 141 109)
4(136 137 141 140)
4(106 110 142 138)
4(109 141 142 110)
4(137 138 142 141)
4(110 142 143 111)
4(138 139 143 142)
4(109 113 145 141)
4(112 144 145 113)
4(140 141 145 144)
4(110 114 146 142)
4(113 145 146 114)
4(141 142 146 145)
4(114 146 147 115)
4(142 143 147 146)
4(113 117 149 145)
4(116 148 149 117)
4(144 145 149 148)
4(114 118 150 146)
4(117 149 150 118)
4(145 146 150 149)
4(118 150 151 119)
4(146 147 151 150)
4(117 121 153 149)
4(120 152 153 121)
4(148 149 153 152)
4(118 122 154 150)
4(121 153 154 122)
4(149 150 154 153)
4(122 154 155 123)
4(150 151 155 154)
4(121 125 157 153)
4(152 153 157 156)
4(122 126 158 154)
4(153 154 158 157)
4(154 155 159 158)
4(129 133 165 161)
4(132 164 165 133)
4(130 134 166 162)
4(133 165 166 134)
4(134 166 167 135)
4(133 137 169 165)
4(136 168 169 137)
4(134 138 170 166)
4(137 169 170 138)
4(138 170 171 139)
4(137 141 173 169)
4(140 172 173 141)
4(138 142 174 170)
4(141 173 174 142)
4(142 174 175 143)
4(141 145 177 173)
4(144 176 177 145)
4(142 146 178 174)
4(145 177 178 146)
4(146 178 179 147)
4(145 149 181 177)
4(148 180 181 149)
4(146 150 182 178)
4(149 181 182 150)
4(150 182 183 151)
4(149 153 185 181)
4(152 184 185 153)
4(150 154 186 182)
4(153 185 186 154)
4(154 186 187 155)
4(153 157 189 185)
4(154 158 190 186)
4(28 60 61 29)
4(60 92 93 61)
4(92 124 125 93)
4(124 156 157 125)
4(156 188 189 157)
4(29 61 62 30)
4(61 93 94 62)
4(93 125 126 94)
4(125 157 158 126)
4(157 189 190 158)
4(30 62 63 31)
4(62 94 95 63)
4(94 126 127 95)
4(126 158 159 127)
4(158 190 191 159)
4(0 32 36 4)
4(4 36 40 8)
4(8 40 44 12)
4(12 44 48 16)
4(16 48 52 20)
4(20 52 56 24)
4(24 56 60 28)
4(32 64 68 36)
4(36 68 72 40)
4(40 72 76 44)
4(44 76 80 48)
4(48 80 84 52)
4(52 84 88 56)
4(56 88 92 60)
4(64 96 100 68)
4(68 100 104 72)
4(72 104 108 76)
4(76 108 112 80)
4(80 112 116 84)
4(84 116 120 88)
4(88 120 124 92)
4(96 128 132 100)
4(100 132 136 104)
4(104 136 140 108)
4(108 140 144 112)
4(112 144 148 116)
4(116 148 152 120)
4(120 152 156 124)
4(128 160 164 132)
4(132 164 168 136)
4(136 168 172 140)
4(140 172 176 144)
4(144 176 180 148)
4(148 180 184 152)
4(152 184 188 156)
4(3 7 39 35)
4(7 11 43 39)
4(11 15 47 43)
4(15 19 51 47)
4(19 23 55 51)
4(23 27 59 55)
4(27 31 63 59)
4(35 39 71 67)
4(39 43 75 71)
4(43 47 79 75)
4(47 51 83 79)
4(51 55 87 83)
4(55 59 91 87)
4(59 63 95 91)
4(67 71 103 99)
4(71 75 107 103)
4(75 79 111 107)
4(79 83 115 111)
4(83 87 119 115)
4(87 91 123 119)
4(91 95 127 123)
4(99 103 135 131)
4(103 107 139 135)
4(107 111 143 139)
4(111 115 147 143)
4(115 119 151 147)
4(119 123 155 151)
4(123 127 159 155)
4(131 135 167 163)
4(135 139 171 167)
4(139 143 175 171)
4(143 147 179 175)
4(147 151 183 179)
4(151 155 187 183)
4(155 159 191 187)
4(0 1 33 32)
4(32 33 65 64)
4(64 65 97 96)
4(96 97 129 128)
4(128 129 161 160)
4(1 2 34 33)
4(33 34 66 65)
4(65 66 98 97)
4(97 98 130 129)
4(129 130 162 161)
4(2 3 35 34)
4(34 35 67 66)
4(66 67 99 98)
4(98 99 131 130)
4(130 131 163 162)
4(0 4 5 1)
4(4 8 9 5)
4(8 12 13 9)
4(12 16 17 13)
4(16 20 21 17)
4(20 24 25 21)
4(24 28 29 25)
4(1 5 6 2)
4(5 9 10 6)
4(9 13 14 10)
4(13 17 18 14)
4(17 21 22 18)
4(21 25 26 22)
4(25 29 30 26)
4(2 6 7 3)
4(6 10 11 7)
4(10 14 15 11)
4(14 18 19 15)
4(18 22 23 19)
4(22 26 27 23)
4(26 30 31 27)
4(160 161 165 164)
4(164 165 169 168)
4(168 169 173 172)
4(172 173 177 176)
4(176 177 181 180)
4(180 181 185 184)
4(184 185 189 188)
4(161 162 166 165)
4(165 166 170 169)
4(169 170 174 173)
4(173 174 178 177)
4(177 178 182 181)
4(181 182 186 185)
4(185 186 190 189)
4(162 163 167 166)
4(166 167 171 170)
4(170 171 175 174)
4(174 175 179 178)
4(178 179 183 182)
4(182 183 187 186)
4(186 187 191 190)
)


// ************************************************************************* //
