/*--------------------------------*- C++ -*----------------------------------*\
| =========                 |                                                 |
| \\      /  F ield         | OpenFOAM: The Open Source CFD Toolbox           |
|  \\    /   O peration     | Version:  2.2.2                                 |
|   \\  /    A nd           | Web:      www.OpenFOAM.org                      |
|    \\/     M anipulation  |                                                 |
\*---------------------------------------------------------------------------*/
FoamFile
{
    version     2.0;
    format      ascii;
    class       labelList;
    note        "nPoints: 192 nCells: 105 nFaces: 386 nInternalFaces: 244";
    location    "constant/polyMesh";
    object      neighbour;
}
// * * * * * * * * * * * * * * * * * * * * * * * * * * * * * * * * * * * * * //


244
(
1
3
21
2
4
22
5
23
4
6
24
5
7
25
8
26
7
9
27
8
10
28
11
29
10
12
30
11
13
31
14
32
13
15
33
14
16
34
17
35
16
18
36
17
19
37
20
38
19
39
20
40
41
22
24
42
23
25
43
26
44
25
27
45
26
28
46
29
47
28
30
48
29
31
49
32
50
31
33
51
32
34
52
35
53
34
36
54
35
37
55
38
56
37
39
57
38
40
58
41
59
40
60
41
61
62
43
45
63
44
46
64
47
65
46
48
66
47
49
67
50
68
49
51
69
50
52
70
53
71
52
54
72
53
55
73
56
74
55
57
75
56
58
76
59
77
58
60
78
59
61
79
62
80
61
81
62
82
83
64
66
84
65
67
85
68
86
67
69
87
68
70
88
71
89
70
72
90
71
73
91
74
92
73
75
93
74
76
94
77
95
76
78
96
77
79
97
80
98
79
81
99
80
82
100
83
101
82
102
83
103
104
85
87
86
88
89
88
90
89
91
92
91
93
92
94
95
94
96
95
97
98
97
99
98
100
101
100
102
101
103
104
103
104
)


// ************************************************************************* //
