/*--------------------------------*- C++ -*----------------------------------*\
| =========                 |                                                 |
| \\      /  F ield         | OpenFOAM: The Open Source CFD Toolbox           |
|  \\    /   O peration     | Version:  2.2.2                                 |
|   \\  /    A nd           | Web:      www.OpenFOAM.org                      |
|    \\/     M anipulation  |                                                 |
\*---------------------------------------------------------------------------*/
FoamFile
{
    version     2.0;
    format      ascii;
    class       labelList;
    note        "nPoints: 192 nCells: 105 nFaces: 386 nInternalFaces: 244";
    location    "constant/polyMesh";
    object      owner;
}
// * * * * * * * * * * * * * * * * * * * * * * * * * * * * * * * * * * * * * //


386
(
0
0
0
1
1
1
2
2
3
3
3
4
4
4
5
5
6
6
6
7
7
7
8
8
9
9
9
10
10
10
11
11
12
12
12
13
13
13
14
14
15
15
15
16
16
16
17
17
18
18
19
19
20
21
21
21
22
22
22
23
23
24
24
24
25
25
25
26
26
27
27
27
28
28
28
29
29
30
30
30
31
31
31
32
32
33
33
33
34
34
34
35
35
36
36
36
37
37
37
38
38
39
39
40
40
41
42
42
42
43
43
43
44
44
45
45
45
46
46
46
47
47
48
48
48
49
49
49
50
50
51
51
51
52
52
52
53
53
54
54
54
55
55
55
56
56
57
57
57
58
58
58
59
59
60
60
61
61
62
63
63
63
64
64
64
65
65
66
66
66
67
67
67
68
68
69
69
69
70
70
70
71
71
72
72
72
73
73
73
74
74
75
75
75
76
76
76
77
77
78
78
78
79
79
79
80
80
81
81
82
82
83
84
84
85
85
86
87
87
88
88
89
90
90
91
91
92
93
93
94
94
95
96
96
97
97
98
99
99
100
100
101
102
103
18
39
60
81
102
19
40
61
82
103
20
41
62
83
104
0
3
6
9
12
15
18
21
24
27
30
33
36
39
42
45
48
51
54
57
60
63
66
69
72
75
78
81
84
87
90
93
96
99
102
2
5
8
11
14
17
20
23
26
29
32
35
38
41
44
47
50
53
56
59
62
65
68
71
74
77
80
83
86
89
92
95
98
101
104
0
21
42
63
84
1
22
43
64
85
2
23
44
65
86
0
3
6
9
12
15
18
1
4
7
10
13
16
19
2
5
8
11
14
17
20
84
87
90
93
96
99
102
85
88
91
94
97
100
103
86
89
92
95
98
101
104
)


// ************************************************************************* //
