/*--------------------------------*- C++ -*----------------------------------*\
| =========                 |                                                 |
| \\      /  F ield         | OpenFOAM: The Open Source CFD Toolbox           |
|  \\    /   O peration     | Version:  2.2.2                                 |
|   \\  /    A nd           | Web:      www.OpenFOAM.org                      |
|    \\/     M anipulation  |                                                 |
\*---------------------------------------------------------------------------*/
FoamFile
{
    version     2.0;
    format      ascii;
    class       vectorField;
    location    "constant/polyMesh";
    object      points;
}
// * * * * * * * * * * * * * * * * * * * * * * * * * * * * * * * * * * * * * //


192
(
(0 0 0)
(0.03333333333 0 0)
(0.06666666667 0 0)
(0.1 0 0)
(0 0.01428571429 0)
(0.03333333333 0.01428571429 0)
(0.06666666667 0.01428571429 0)
(0.1 0.01428571429 0)
(0 0.02857142857 0)
(0.03333333333 0.02857142857 0)
(0.06666666667 0.02857142857 0)
(0.1 0.02857142857 0)
(0 0.04285714286 0)
(0.03333333333 0.04285714286 0)
(0.06666666667 0.04285714286 0)
(0.1 0.04285714286 0)
(0 0.05714285714 0)
(0.03333333333 0.05714285714 0)
(0.06666666667 0.05714285714 0)
(0.1 0.05714285714 0)
(0 0.07142857143 0)
(0.03333333333 0.07142857143 0)
(0.06666666667 0.07142857143 0)
(0.1 0.07142857143 0)
(0 0.08571428571 0)
(0.03333333333 0.08571428571 0)
(0.06666666667 0.08571428571 0)
(0.1 0.08571428571 0)
(0 0.1 0)
(0.03333333333 0.1 0)
(0.06666666667 0.1 0)
(0.1 0.1 0)
(0 0 0.002)
(0.03333333333 0 0.002)
(0.06666666667 0 0.002)
(0.1 0 0.002)
(0 0.01428571429 0.002)
(0.03333333333 0.01428571429 0.002)
(0.06666666667 0.01428571429 0.002)
(0.1 0.01428571429 0.002)
(0 0.02857142857 0.002)
(0.03333333333 0.02857142857 0.002)
(0.06666666667 0.02857142857 0.002)
(0.1 0.02857142857 0.002)
(0 0.04285714286 0.002)
(0.03333333333 0.04285714286 0.002)
(0.06666666667 0.04285714286 0.002)
(0.1 0.04285714286 0.002)
(0 0.05714285714 0.002)
(0.03333333333 0.05714285714 0.002)
(0.06666666667 0.05714285714 0.002)
(0.1 0.05714285714 0.002)
(0 0.07142857143 0.002)
(0.03333333333 0.07142857143 0.002)
(0.06666666667 0.07142857143 0.002)
(0.1 0.07142857143 0.002)
(0 0.08571428571 0.002)
(0.03333333333 0.08571428571 0.002)
(0.06666666667 0.08571428571 0.002)
(0.1 0.08571428571 0.002)
(0 0.1 0.002)
(0.03333333333 0.1 0.002)
(0.06666666667 0.1 0.002)
(0.1 0.1 0.002)
(0 0 0.004)
(0.03333333333 0 0.004)
(0.06666666667 0 0.004)
(0.1 0 0.004)
(0 0.01428571429 0.004)
(0.03333333333 0.01428571429 0.004)
(0.06666666667 0.01428571429 0.004)
(0.1 0.01428571429 0.004)
(0 0.02857142857 0.004)
(0.03333333333 0.02857142857 0.004)
(0.06666666667 0.02857142857 0.004)
(0.1 0.02857142857 0.004)
(0 0.04285714286 0.004)
(0.03333333333 0.04285714286 0.004)
(0.06666666667 0.04285714286 0.004)
(0.1 0.04285714286 0.004)
(0 0.05714285714 0.004)
(0.03333333333 0.05714285714 0.004)
(0.06666666667 0.05714285714 0.004)
(0.1 0.05714285714 0.004)
(0 0.07142857143 0.004)
(0.03333333333 0.07142857143 0.004)
(0.06666666667 0.07142857143 0.004)
(0.1 0.07142857143 0.004)
(0 0.08571428571 0.004)
(0.03333333333 0.08571428571 0.004)
(0.06666666667 0.08571428571 0.004)
(0.1 0.08571428571 0.004)
(0 0.1 0.004)
(0.03333333333 0.1 0.004)
(0.06666666667 0.1 0.004)
(0.1 0.1 0.004)
(0 0 0.006)
(0.03333333333 0 0.006)
(0.06666666667 0 0.006)
(0.1 0 0.006)
(0 0.01428571429 0.006)
(0.03333333333 0.01428571429 0.006)
(0.06666666667 0.01428571429 0.006)
(0.1 0.01428571429 0.006)
(0 0.02857142857 0.006)
(0.03333333333 0.02857142857 0.006)
(0.06666666667 0.02857142857 0.006)
(0.1 0.02857142857 0.006)
(0 0.04285714286 0.006)
(0.03333333333 0.04285714286 0.006)
(0.06666666667 0.04285714286 0.006)
(0.1 0.04285714286 0.006)
(0 0.05714285714 0.006)
(0.03333333333 0.05714285714 0.006)
(0.06666666667 0.05714285714 0.006)
(0.1 0.05714285714 0.006)
(0 0.07142857143 0.006)
(0.03333333333 0.07142857143 0.006)
(0.06666666667 0.07142857143 0.006)
(0.1 0.07142857143 0.006)
(0 0.08571428571 0.006)
(0.03333333333 0.08571428571 0.006)
(0.06666666667 0.08571428571 0.006)
(0.1 0.08571428571 0.006)
(0 0.1 0.006)
(0.03333333333 0.1 0.006)
(0.06666666667 0.1 0.006)
(0.1 0.1 0.006)
(0 0 0.008)
(0.03333333333 0 0.008)
(0.06666666667 0 0.008)
(0.1 0 0.008)
(0 0.01428571429 0.008)
(0.03333333333 0.01428571429 0.008)
(0.06666666667 0.01428571429 0.008)
(0.1 0.01428571429 0.008)
(0 0.02857142857 0.008)
(0.03333333333 0.02857142857 0.008)
(0.06666666667 0.02857142857 0.008)
(0.1 0.02857142857 0.008)
(0 0.04285714286 0.008)
(0.03333333333 0.04285714286 0.008)
(0.06666666667 0.04285714286 0.008)
(0.1 0.04285714286 0.008)
(0 0.05714285714 0.008)
(0.03333333333 0.05714285714 0.008)
(0.06666666667 0.05714285714 0.008)
(0.1 0.05714285714 0.008)
(0 0.07142857143 0.008)
(0.03333333333 0.07142857143 0.008)
(0.06666666667 0.07142857143 0.008)
(0.1 0.07142857143 0.008)
(0 0.08571428571 0.008)
(0.03333333333 0.08571428571 0.008)
(0.06666666667 0.08571428571 0.008)
(0.1 0.08571428571 0.008)
(0 0.1 0.008)
(0.03333333333 0.1 0.008)
(0.06666666667 0.1 0.008)
(0.1 0.1 0.008)
(0 0 0.01)
(0.03333333333 0 0.01)
(0.06666666667 0 0.01)
(0.1 0 0.01)
(0 0.01428571429 0.01)
(0.03333333333 0.01428571429 0.01)
(0.06666666667 0.01428571429 0.01)
(0.1 0.01428571429 0.01)
(0 0.02857142857 0.01)
(0.03333333333 0.02857142857 0.01)
(0.06666666667 0.02857142857 0.01)
(0.1 0.02857142857 0.01)
(0 0.04285714286 0.01)
(0.03333333333 0.04285714286 0.01)
(0.06666666667 0.04285714286 0.01)
(0.1 0.04285714286 0.01)
(0 0.05714285714 0.01)
(0.03333333333 0.05714285714 0.01)
(0.06666666667 0.05714285714 0.01)
(0.1 0.05714285714 0.01)
(0 0.07142857143 0.01)
(0.03333333333 0.07142857143 0.01)
(0.06666666667 0.07142857143 0.01)
(0.1 0.07142857143 0.01)
(0 0.08571428571 0.01)
(0.03333333333 0.08571428571 0.01)
(0.06666666667 0.08571428571 0.01)
(0.1 0.08571428571 0.01)
(0 0.1 0.01)
(0.03333333333 0.1 0.01)
(0.06666666667 0.1 0.01)
(0.1 0.1 0.01)
)


// ************************************************************************* //
